function fx=Fx(x)
    fx=406.647256+6.016704*x(1)+0.911944*x(2)+0.137413*x(3)+7.109228*x(4)+3.709562*x(5);
end
